0.200000 0.001000 0.998239 0.998419
0.200000 0.002000 0.998049 0.998419
0.200000 0.003000 0.997850 0.998419
0.200000 0.004000 0.997642 0.998419
0.200000 0.005000 0.997424 0.998417
0.200000 0.006000 0.997199 0.998417
0.200000 0.007000 0.996960 0.998413
0.200000 0.008000 0.996719 0.998413
0.200000 0.009000 0.996466 0.998410
0.200000 0.010000 0.996201 0.998406
0.200000 0.011000 0.995935 0.998405
0.200000 0.012000 0.995652 0.998400
0.200000 0.013000 0.995355 0.998393
0.200000 0.014000 0.995060 0.998390
0.200000 0.015000 0.994741 0.998388
0.200000 0.016000 0.994431 0.998377
0.200000 0.017000 0.994121 0.998375
0.200000 0.018000 0.993789 0.998369
0.200000 0.019000 0.993438 0.998360
0.200000 0.020000 0.993074 0.998350
0.200000 0.021000 0.992703 0.998349
0.200000 0.022000 0.992380 0.998341
0.200000 0.023000 0.991966 0.998325
0.200000 0.024000 0.991618 0.998323
0.200000 0.025000 0.991170 0.998316
0.200000 0.026000 0.990812 0.998302
0.200000 0.027000 0.990421 0.998295
0.200000 0.028000 0.989994 0.998283
0.200000 0.029000 0.989527 0.998266
0.200000 0.030000 0.989112 0.998257
0.200000 0.031000 0.988665 0.998245
0.200000 0.032000 0.988180 0.998244
0.200000 0.033000 0.987777 0.998223
0.200000 0.034000 0.987347 0.998215
0.200000 0.035000 0.986748 0.998203
0.200000 0.036000 0.986397 0.998189
0.200000 0.037000 0.985873 0.998170
0.200000 0.038000 0.985311 0.998148
0.200000 0.039000 0.984888 0.998143
0.200000 0.040000 0.984253 0.998135
0.200000 0.041000 0.983777 0.998103
0.200000 0.042000 0.983274 0.998090
0.200000 0.043000 0.982745 0.998074
0.200000 0.044000 0.982186 0.998056
0.200000 0.045000 0.981596 0.998035
0.200000 0.046000 0.980972 0.998036
0.200000 0.047000 0.980597 0.998010
0.200000 0.048000 0.979917 0.997982
0.200000 0.049000 0.979194 0.997978
0.200000 0.050000 0.978762 0.997944
0.200000 0.051000 0.977968 0.997937
0.200000 0.052000 0.977496 0.997899
0.200000 0.053000 0.977008 0.997888
0.200000 0.054000 0.976101 0.997875
0.200000 0.055000 0.975565 0.997861
0.200000 0.056000 0.975011 0.997813
0.200000 0.057000 0.974437 0.997795
0.200000 0.058000 0.973842 0.997776
0.200000 0.059000 0.973226 0.997755
0.200000 0.060000 0.972587 0.997732
0.200000 0.061000 0.971926 0.997708
0.200000 0.062000 0.971239 0.997682
0.200000 0.063000 0.970526 0.997654
0.200000 0.064000 0.969785 0.997624
0.200000 0.065000 0.969013 0.997593
0.200000 0.066000 0.968211 0.997602
0.200000 0.067000 0.967374 0.997568
0.200000 0.068000 0.966499 0.997532
0.200000 0.069000 0.966358 0.997494
0.200000 0.070000 0.965445 0.997454
0.200000 0.071000 0.964494 0.997460
0.200000 0.072000 0.963494 0.997417
0.200000 0.073000 0.963347 0.997371
0.200000 0.074000 0.962303 0.997375
0.200000 0.075000 0.961204 0.997327
0.200000 0.076000 0.961053 0.997276
0.200000 0.077000 0.959903 0.997278
0.200000 0.078000 0.958687 0.997224
0.200000 0.079000 0.958537 0.997225
0.200000 0.080000 0.957258 0.997168
0.200000 0.081000 0.957103 0.997107
0.200000 0.082000 0.955758 0.997107
0.200000 0.083000 0.955598 0.997042
0.200000 0.084000 0.954179 0.997041
0.200000 0.085000 0.954015 0.996972
0.200000 0.086000 0.952515 0.996969
0.200000 0.087000 0.952350 0.996897
0.200000 0.088000 0.950760 0.996893
0.200000 0.089000 0.950593 0.996815
0.200000 0.090000 0.948903 0.996811
0.200000 0.091000 0.948739 0.996804
0.200000 0.092000 0.946940 0.996723
0.200000 0.093000 0.946778 0.996716
0.200000 0.094000 0.944852 0.996629
0.200000 0.095000 0.944695 0.996621
0.200000 0.096000 0.944525 0.996528
0.200000 0.097000 0.942478 0.996519
0.200000 0.098000 0.942315 0.996509
0.200000 0.099000 0.940110 0.996410
0.200000 0.100000 0.939953 0.996399
0.200000 0.101000 0.939786 0.996388
0.200000 0.102000 0.937428 0.996282
0.200000 0.103000 0.937270 0.996269
0.200000 0.104000 0.937099 0.996256
0.200000 0.105000 0.934564 0.996143
0.200000 0.106000 0.934406 0.996129
0.200000 0.107000 0.934235 0.996114
0.200000 0.108000 0.931500 0.995992
0.200000 0.109000 0.931346 0.995977
0.200000 0.110000 0.931173 0.995960
0.200000 0.111000 0.928212 0.995829
0.200000 0.112000 0.928059 0.995812
0.200000 0.113000 0.927896 0.995794
0.200000 0.114000 0.927719 0.995775
0.200000 0.115000 0.924521 0.995634
0.200000 0.116000 0.924366 0.995615
0.200000 0.117000 0.924199 0.995595
0.200000 0.118000 0.920692 0.995442
0.200000 0.119000 0.920553 0.995422
0.200000 0.120000 0.920392 0.995399
0.200000 0.121000 0.920229 0.995378
0.200000 0.122000 0.916400 0.995211
0.200000 0.123000 0.916262 0.995189
0.200000 0.124000 0.916109 0.995165
0.200000 0.125000 0.915943 0.995140
0.200000 0.126000 0.911743 0.995115
0.200000 0.127000 0.911611 0.994935
0.200000 0.128000 0.911466 0.994909
0.200000 0.129000 0.911311 0.994883
0.200000 0.130000 0.906657 0.994854
0.200000 0.131000 0.906545 0.994827
0.200000 0.132000 0.906410 0.994630
0.200000 0.133000 0.906264 0.994601
0.200000 0.134000 0.906106 0.994572
0.200000 0.135000 0.900981 0.994541
0.200000 0.136000 0.900868 0.994510
0.200000 0.137000 0.900740 0.994295
0.200000 0.138000 0.900601 0.994264
0.200000 0.139000 0.900448 0.994231
0.200000 0.140000 0.894743 0.994197
0.200000 0.141000 0.894647 0.994164
0.200000 0.142000 0.894530 0.993927
0.200000 0.143000 0.894399 0.993892
0.200000 0.144000 0.894257 0.993857
0.200000 0.145000 0.894102 0.993821
0.200000 0.146000 0.887775 0.993784
0.200000 0.147000 0.887677 0.993746
0.200000 0.148000 0.887567 0.993485
0.200000 0.149000 0.887442 0.993447
0.200000 0.150000 0.887302 0.993407
0.200000 0.151000 0.880125 0.993368
0.200000 0.152000 0.880056 0.993328
0.200000 0.153000 0.879971 0.993287
0.200000 0.154000 0.879874 0.993245
0.200000 0.155000 0.879763 0.992954
0.200000 0.156000 0.879641 0.992911
0.200000 0.157000 0.879507 0.992868
0.200000 0.158000 0.871443 0.992824
0.200000 0.159000 0.871382 0.992780
0.200000 0.160000 0.871305 0.992734
0.200000 0.161000 0.871220 0.992688
0.200000 0.162000 0.871120 0.992362
0.200000 0.163000 0.871009 0.992316
0.200000 0.164000 0.870885 0.992269
0.200000 0.165000 0.861713 0.992221
0.200000 0.166000 0.861674 0.992172
0.200000 0.167000 0.861620 0.992122
0.200000 0.168000 0.861553 0.992071
0.200000 0.169000 0.861472 0.992020
0.200000 0.170000 0.861380 0.991653
0.200000 0.171000 0.861276 0.991601
0.200000 0.172000 0.850694 0.991549
0.200000 0.173000 0.850692 0.991496
0.200000 0.174000 0.850674 0.991443
0.200000 0.175000 0.850642 0.991388
0.200000 0.176000 0.850596 0.991333
0.200000 0.177000 0.850536 0.991276
0.200000 0.178000 0.850463 0.991219
0.200000 0.179000 0.850378 0.990802
0.200000 0.180000 0.838103 0.990745
0.200000 0.181000 0.838135 0.990687
0.200000 0.182000 0.838156 0.990628
0.200000 0.183000 0.838162 0.990569
0.200000 0.184000 0.838152 0.990509
0.200000 0.185000 0.838129 0.990448
0.200000 0.186000 0.838091 0.990386
0.200000 0.187000 0.838042 0.990323
0.200000 0.188000 0.837978 0.990259
0.200000 0.189000 0.823629 0.989782
0.200000 0.190000 0.823706 0.989718
0.200000 0.191000 0.823766 0.989653
0.200000 0.192000 0.823814 0.989588
0.200000 0.193000 0.823847 0.989522
0.200000 0.194000 0.823863 0.989455
0.200000 0.195000 0.823864 0.989387
0.200000 0.196000 0.823855 0.989318
0.200000 0.197000 0.823832 0.989249
0.200000 0.198000 0.823795 0.989178
0.200000 0.199000 0.806856 0.989107
0.200000 0.200000 0.806983 0.989035
0.200000 0.201000 0.807094 0.988483
0.200000 0.202000 0.807193 0.988412
0.200000 0.203000 0.807275 0.988340
0.200000 0.204000 0.807339 0.988266
0.200000 0.205000 0.807388 0.988191
0.200000 0.206000 0.807427 0.988116
0.200000 0.207000 0.807452 0.988040
0.200000 0.208000 0.807461 0.987963
0.200000 0.209000 0.807455 0.987885
0.200000 0.210000 0.787195 0.987807
0.200000 0.211000 0.787390 0.987728
0.200000 0.212000 0.787572 0.987649
0.200000 0.213000 0.787732 0.987569
0.200000 0.214000 0.787873 0.987487
0.200000 0.215000 0.787998 0.986842
0.200000 0.216000 0.788112 0.986760
0.200000 0.217000 0.788211 0.986677
0.200000 0.218000 0.788294 0.986593
0.200000 0.219000 0.788358 0.986507
0.200000 0.220000 0.788412 0.986421
0.200000 0.221000 0.763508 0.986334
0.200000 0.222000 0.763816 0.986249
0.200000 0.223000 0.764097 0.986160
0.200000 0.224000 0.764359 0.986071
0.200000 0.225000 0.764603 0.985981
0.200000 0.226000 0.764832 0.985891
0.200000 0.227000 0.765044 0.985799
0.200000 0.228000 0.765241 0.985708
0.200000 0.229000 0.765413 0.985614
0.200000 0.230000 0.765572 0.985521
0.200000 0.231000 0.765725 0.985427
0.200000 0.232000 0.765866 0.984661
0.200000 0.233000 0.765982 0.984565
0.200000 0.234000 0.735009 0.984469
0.200000 0.235000 0.735437 0.984373
0.200000 0.236000 0.735846 0.984276
0.200000 0.237000 0.736231 0.984178
0.200000 0.238000 0.736603 0.984082
0.200000 0.239000 0.736942 0.983981
0.200000 0.240000 0.737264 0.983881
0.200000 0.241000 0.737579 0.983782
0.200000 0.242000 0.737878 0.983683
0.200000 0.243000 0.738145 0.983579
0.200000 0.244000 0.738405 0.983478
0.200000 0.245000 0.738644 0.983375
0.200000 0.246000 0.738872 0.983271
0.200000 0.247000 0.739079 0.983165
0.200000 0.248000 0.739282 0.983062
0.200000 0.249000 0.700077 0.982953
0.200000 0.250000 0.700661 0.982845
0.200000 0.251000 0.701235 0.982737
0.200000 0.252000 0.701785 0.982629
0.200000 0.253000 0.702296 0.981697
0.200000 0.254000 0.702799 0.981587
0.200000 0.255000 0.703271 0.981473
0.200000 0.256000 0.703730 0.981359
0.200000 0.257000 0.704161 0.981243
0.200000 0.258000 0.704585 0.981128
0.200000 0.259000 0.704975 0.981009
0.200000 0.260000 0.705345 0.980890
0.200000 0.261000 0.705713 0.980771
0.200000 0.262000 0.706062 0.980652
0.200000 0.263000 0.706379 0.980528
0.200000 0.264000 0.654372 0.980408
0.200000 0.265000 0.655239 0.980283
0.200000 0.266000 0.656088 0.980161
0.200000 0.267000 0.656895 0.980034
0.200000 0.268000 0.657690 0.979911
0.200000 0.269000 0.658441 0.979783
0.200000 0.270000 0.659162 0.979656
0.200000 0.271000 0.659877 0.979530
0.200000 0.272000 0.660562 0.979403
0.200000 0.273000 0.661208 0.979273
0.200000 0.274000 0.661847 0.979147
0.200000 0.275000 0.662448 0.979016
0.200000 0.276000 0.663044 0.978889
0.200000 0.277000 0.663602 0.978758
0.200000 0.278000 0.664156 0.978630
0.200000 0.279000 0.664677 0.978499
0.200000 0.280000 0.592087 0.978367
0.200000 0.281000 0.593447 0.978238
0.200000 0.282000 0.594759 0.978109
0.200000 0.283000 0.596016 0.976944
0.200000 0.284000 0.597255 0.976814
0.200000 0.285000 0.598437 0.976678
0.200000 0.286000 0.599605 0.976547
0.200000 0.287000 0.600720 0.976411
0.200000 0.288000 0.601818 0.976279
0.200000 0.289000 0.602872 0.976143
0.200000 0.290000 0.603885 0.976006
0.200000 0.291000 0.604893 0.975871
0.200000 0.292000 0.605859 0.975734
0.200000 0.293000 0.606788 0.975594
0.200000 0.294000 0.493655 0.975456
0.200000 0.295000 0.496079 0.975313
0.200000 0.296000 0.498458 0.975173
0.200000 0.297000 0.500748 0.975029
0.200000 0.298000 0.502985 0.974885
0.200000 0.299000 0.505152 0.974739
0.200000 0.300000 0.507239 0.974590
0.200000 0.301000 0.509299 0.974443
0.200000 0.302000 0.511282 0.974292
0.200000 0.303000 0.513205 0.974139
0.200000 0.304000 0.515082 0.973985
0.200000 0.305000 0.516893 0.973828
0.200000 0.306000 0.518668 0.973671
0.200000 0.307000 0.520382 0.973511
0.200000 0.308000 0.522052 0.973349
0.200000 0.309000 0.523677 0.973186
0.200000 0.310000 0.525236 0.973018
0.200000 0.311000 0.526784 0.972853
0.200000 0.312000 0.528267 0.972682
0.200000 0.313000 0.529715 0.972512
0.200000 0.314000 0.344901 0.972338
0.200000 0.315000 0.349196 0.972164
0.200000 0.316000 0.353369 0.971987
0.200000 0.317000 0.357418 0.971810
0.200000 0.318000 0.361341 0.971629
0.200000 0.319000 0.365164 0.971449
0.200000 0.320000 0.368845 0.971265
0.200000 0.321000 0.372463 0.971083
0.200000 0.322000 0.375945 0.970897
0.200000 0.323000 0.379348 0.970712
0.200000 0.324000 0.382641 0.970523
0.200000 0.325000 0.385853 0.970338
0.200000 0.326000 0.388968 0.970147
0.200000 0.327000 0.392012 0.969960
0.200000 0.328000 0.394954 0.969768
0.200000 0.329000 0.397842 0.969580
0.200000 0.330000 0.400619 0.969387
0.200000 0.331000 0.403364 0.969198
0.200000 0.332000 0.406002 0.969005
0.200000 0.333000 0.408599 0.968817
0.200000 0.334000 0.411106 0.968623
0.200000 0.335000 0.413570 0.968436
0.200000 0.336000 0.415952 0.968242
0.200000 0.337000 0.418298 0.968055
0.200000 0.338000 0.420558 0.967863
0.200000 0.339000 0.422794 0.967676
0.200000 0.340000 0.424939 0.967485
0.200000 0.341000 0.427071 0.967300
0.200000 0.342000 0.429115 0.967110
0.200000 0.343000 0.431143 0.966926
0.200000 0.344000 0.433093 0.966737
0.200000 0.345000 0.435023 0.966555
0.200000 0.346000 0.436883 0.966366
0.200000 0.347000 0.438726 0.966186
0.200000 0.348000 0.440496 0.965999
0.200000 0.349000 0.442257 0.965819
0.200000 0.350000 0.443942 0.965634
0.200000 0.351000 0.445625 0.965454
0.200000 0.352000 0.447233 0.965269
0.200000 0.353000 0.181694 0.965092
0.200000 0.354000 0.187803 0.964907
0.200000 0.355000 0.193777 0.964729
0.200000 0.356000 0.199532 0.964545
0.200000 0.357000 0.205161 0.964367
0.200000 0.358000 0.210575 0.964183
0.200000 0.359000 0.215878 0.964004
0.200000 0.360000 0.220973 0.963819
0.200000 0.361000 0.225967 0.963639
0.200000 0.362000 0.230762 0.963452
0.200000 0.363000 0.235465 0.963271
0.200000 0.364000 0.239980 0.963082
0.200000 0.365000 0.244402 0.962898
0.200000 0.366000 0.248655 0.962707
0.200000 0.367000 0.252822 0.962520
0.200000 0.368000 0.256818 0.962325
0.200000 0.369000 0.260744 0.962135
0.200000 0.370000 0.264505 0.961936
0.200000 0.371000 0.268201 0.961741
0.200000 0.372000 0.271739 0.961538
0.200000 0.373000 0.275220 0.961338
0.200000 0.374000 0.278553 0.961130
0.200000 0.375000 0.281822 0.960923
0.200000 0.376000 0.284965 0.960710
0.200000 0.377000 0.288048 0.960498
0.200000 0.378000 0.290999 0.960276
0.200000 0.379000 0.293906 0.960058
0.200000 0.380000 0.296683 0.959830
0.200000 0.381000 0.299424 0.959604
0.200000 0.382000 0.302039 0.959368
0.200000 0.383000 0.304621 0.959134
0.200000 0.384000 0.307089 0.958891
0.200000 0.385000 0.309513 0.958647
0.200000 0.386000 0.311848 0.958398
0.200000 0.387000 0.314141 0.958147
0.200000 0.388000 0.316332 0.957886
0.200000 0.389000 0.318502 0.957627
0.200000 0.390000 0.320568 0.957358
0.200000 0.391000 0.322620 0.957090
0.200000 0.392000 0.324573 0.956812
0.200000 0.393000 0.326512 0.956535
0.200000 0.394000 0.328364 0.956249
0.200000 0.395000 0.330185 0.955960
0.200000 0.396000 0.331949 0.955667
0.200000 0.397000 0.333685 0.955371
0.200000 0.398000 0.335343 0.955066
0.200000 0.399000 0.336997 0.954762
0.200000 0.400000 0.338568 0.954448
0.200000 0.401000 0.340143 0.954135
0.200000 0.402000 0.341639 0.955256
0.200000 0.403000 0.343136 0.954943
0.200000 0.404000 0.344569 0.954621
0.200000 0.405000 0.345979 0.954296
0.200000 0.406000 0.347359 0.953970
0.200000 0.407000 0.348718 0.953640
0.200000 0.408000 0.350021 0.953302
0.200000 0.409000 0.351331 0.952966
0.200000 0.410000 0.352574 0.952620
0.200000 0.411000 0.353835 0.952278
0.200000 0.412000 0.355032 0.951926
0.200000 0.413000 0.356239 0.951578
0.200000 0.414000 0.003374 0.951222
0.200000 0.415000 0.011185 0.950862
0.200000 0.416000 0.018817 0.950504
0.200000 0.417000 0.026261 0.950142
0.200000 0.418000 0.033483 0.949773
0.200000 0.419000 0.040571 0.949409
0.200000 0.420000 0.047424 0.949035
0.200000 0.421000 0.054165 0.948667
0.200000 0.422000 0.060679 0.948289
0.200000 0.423000 0.067074 0.947916
0.200000 0.424000 0.073275 0.947538
0.200000 0.425000 0.079314 0.947156
0.200000 0.426000 0.085225 0.946779
0.200000 0.427000 0.090978 0.947823
0.200000 0.428000 0.096557 0.947448
0.200000 0.429000 0.102033 0.947077
0.200000 0.430000 0.107315 0.946699
0.200000 0.431000 0.112518 0.946328
0.200000 0.432000 0.117534 0.945950
0.200000 0.433000 0.122459 0.945578
0.200000 0.434000 0.127231 0.945202
0.200000 0.435000 0.131866 0.944824
0.200000 0.436000 0.136411 0.944453
0.200000 0.437000 0.140824 0.944079
0.200000 0.438000 0.145098 0.943702
0.200000 0.439000 0.149293 0.943332
0.200000 0.440000 0.153329 0.942956
0.200000 0.441000 0.157307 0.942588
0.200000 0.442000 0.161132 0.942215
0.200000 0.443000 0.164886 0.941848
0.200000 0.444000 0.168517 0.942844
0.200000 0.445000 0.172033 0.942482
0.200000 0.446000 0.175486 0.942129
0.200000 0.447000 0.178828 0.941774
0.200000 0.448000 0.182057 0.941418
0.200000 0.449000 0.185225 0.941068
0.200000 0.450000 0.188261 0.940715
0.200000 0.451000 0.191254 0.940369
0.200000 0.452000 0.194120 0.940019
0.200000 0.453000 0.196930 0.939676
0.200000 0.454000 0.199641 0.939332
0.200000 0.455000 0.202253 0.938986
0.200000 0.456000 0.204822 0.938649
0.200000 0.457000 0.207295 0.939587
0.200000 0.458000 0.209676 0.939255
0.200000 0.459000 0.212010 0.938929
0.200000 0.460000 0.214231 0.938600
0.200000 0.461000 0.216422 0.938277
0.200000 0.462000 0.218504 0.937950
0.200000 0.463000 0.220543 0.937630
0.200000 0.464000 0.222501 0.937308
0.200000 0.465000 0.224373 0.936984
0.200000 0.466000 0.226215 0.936668
0.200000 0.467000 0.227974 0.936350
0.200000 0.468000 0.229657 0.937214
0.200000 0.469000 0.231303 0.936904
0.200000 0.470000 0.232853 0.936590
0.200000 0.471000 0.234382 0.936281
0.200000 0.472000 0.235818 0.935967
0.200000 0.473000 0.237219 0.935657
0.200000 0.474000 0.238554 0.935344
0.200000 0.475000 0.239814 0.935027
0.200000 0.476000 0.241055 0.934715
0.200000 0.477000 0.242224 0.935494
0.200000 0.478000 0.243332 0.935180
0.200000 0.479000 0.244409 0.934868
0.200000 0.480000 0.245406 0.934549
0.200000 0.481000 0.246388 0.934233
0.200000 0.482000 0.247293 0.933910
0.200000 0.483000 0.248169 0.933588
0.200000 0.484000 0.248994 0.933261
0.200000 0.485000 0.249755 0.933942
0.200000 0.486000 0.250504 0.933616
0.200000 0.487000 0.251193 0.933283
0.200000 0.488000 0.251835 0.932944
0.200000 0.489000 0.252453 0.932604
0.200000 0.490000 0.253004 0.932255
0.200000 0.491000 0.253550 0.931905
0.200000 0.492000 0.254032 0.932490
0.200000 0.493000 0.254492 0.932133
0.200000 0.494000 0.254915 0.931769
0.200000 0.495000 0.255286 0.931395
0.200000 0.496000 0.255653 0.931019
0.200000 0.497000 0.255972 0.930634
0.200000 0.498000 0.256258 0.931123
0.200000 0.499000 0.256528 0.930730
0.200000 0.500000 0.256743 0.930325
