0.200000 0.965279 0.223120 0.572994
0.210000 0.968635 0.223570 0.551207
0.220000 0.972604 0.223737 0.530091
0.230000 0.975979 0.224174 0.509669
0.240000 0.979316 0.224625 0.489959
0.250000 0.982613 0.225093 0.470968
0.260000 0.985864 0.225579 0.452696
0.270000 0.989063 0.226087 0.435138
0.280000 0.993049 0.226236 0.418286
0.290000 0.996269 0.226730 0.402121
0.300000 0.999436 0.227246 0.386628
0.310000 1.002543 0.227786 0.371788
0.320000 1.005579 0.228356 0.357580
0.330000 1.009560 0.228499 0.343983
0.340000 1.012609 0.229059 0.330972
0.350000 1.015577 0.229653 0.318524
0.360000 1.018446 0.230289 0.306618
0.370000 1.022390 0.230442 0.295230
0.380000 1.025248 0.231079 0.284336
0.390000 1.027972 0.231773 0.273915
0.400000 1.031826 0.231961 0.263947
0.410000 1.034489 0.232678 0.254407
0.420000 1.036934 0.233489 0.245276
0.430000 1.040726 0.233700 0.236539
0.440000 1.042962 0.234600 0.228170
0.450000 1.046581 0.234884 0.220159
0.460000 1.049983 0.235262 0.212483
0.470000 1.053197 0.235722 0.205128
0.480000 1.054749 0.236917 0.198074
0.490000 1.058988 0.236919 0.191316
0.500000 1.061302 0.237771 0.184830
0.510000 1.064399 0.238276 0.178609
0.520000 1.066247 0.239332 0.172634
0.530000 1.069081 0.239949 0.166900
0.540000 1.072634 0.240245 0.161394
0.550000 0.691815 0.559871 0.142123
0.560000 0.681160 0.583752 0.138343
0.570000 0.676285 0.598728 0.134798
0.580000 0.672757 0.611757 0.131435
0.590000 0.671258 0.621396 0.128238
0.600000 0.669277 0.632108 0.125183
0.610000 0.668820 0.640135 0.122265
0.620000 0.667635 0.649655 0.119469
0.630000 0.667903 0.656504 0.116792
0.640000 0.668345 0.663080 0.114222
0.650000 0.668947 0.669398 0.111754
0.660000 0.669696 0.675474 0.109382
0.670000 0.669809 0.682853 0.107098
0.680000 0.670965 0.688207 0.104902
0.690000 0.672213 0.693403 0.102785
0.700000 0.673547 0.698448 0.100746
0.710000 0.674963 0.703347 0.098778
0.720000 0.676455 0.708107 0.096880
0.730000 0.678020 0.712733 0.095047
0.740000 0.679654 0.717231 0.093276
0.750000 0.681353 0.721606 0.091564
0.760000 0.683113 0.725863 0.089909
0.770000 0.684930 0.730007 0.088308
0.780000 0.686518 0.734611 0.086758
0.790000 0.688511 0.738408 0.085258
0.800000 0.690543 0.742127 0.083804
0.810000 0.692611 0.745770 0.082396
0.820000 0.694714 0.749339 0.081030
0.830000 0.696850 0.752836 0.079706
0.840000 0.699019 0.756263 0.078421
0.850000 0.701221 0.759621 0.077174
0.860000 0.703452 0.762913 0.075964
0.870000 0.705713 0.766139 0.074788
0.880000 0.708003 0.769301 0.073645
0.890000 0.710321 0.772401 0.072535
0.900000 0.712665 0.775441 0.071456
0.910000 0.715035 0.778422 0.070406
0.920000 0.717430 0.781345 0.069385
0.930000 0.719850 0.784213 0.068391
0.940000 0.722292 0.787025 0.067424
0.950000 0.724758 0.789784 0.066482
0.960000 0.727246 0.792491 0.065565
0.970000 0.729754 0.795147 0.064671
0.980000 0.732284 0.797754 0.063800
0.990000 0.734833 0.800313 0.062951
1.000000 0.737401 0.802825 0.062124
1.010000 0.739989 0.805290 0.061317
1.020000 0.742594 0.807711 0.060529
1.030000 0.745217 0.810089 0.059761
1.040000 0.747857 0.812424 0.059011
1.050000 0.750513 0.814717 0.058279
1.060000 0.753185 0.816970 0.057564
1.070000 0.755873 0.819183 0.056866
1.080000 0.758576 0.821358 0.056184
1.090000 0.761293 0.823495 0.055518
1.100000 0.764024 0.825596 0.054867
1.110000 0.766769 0.827661 0.054230
1.120000 0.769527 0.829691 0.053608
1.130000 0.772299 0.831687 0.052999
1.140000 0.775082 0.833650 0.052404
1.150000 0.777878 0.835580 0.051822
1.160000 0.780685 0.837479 0.051252
1.170000 0.783504 0.839347 0.050694
1.180000 0.786334 0.841184 0.050148
1.190000 0.789174 0.842993 0.049613
1.200000 0.791951 0.844903 0.049090
1.210000 0.794886 0.846524 0.048577
1.220000 0.797757 0.848248 0.048075
1.230000 0.800638 0.849946 0.047583
1.240000 0.803527 0.851617 0.047100
1.250000 0.806426 0.853263 0.046628
1.260000 0.809333 0.854885 0.046164
1.270000 0.812249 0.856482 0.045710
1.280000 0.815173 0.858055 0.045265
1.290000 0.818105 0.859605 0.044828
1.300000 0.821045 0.861133 0.044399
1.310000 0.823993 0.862638 0.043979
1.320000 0.826947 0.864122 0.043566
1.330000 0.829909 0.865585 0.043161
1.340000 0.832878 0.867027 0.042764
1.350000 0.835854 0.868449 0.042374
1.360000 0.838836 0.869852 0.041991
1.370000 0.841825 0.871235 0.041615
1.380000 0.844820 0.872600 0.041245
1.390000 0.847820 0.873946 0.040882
1.400000 0.850827 0.875275 0.040526
1.410000 0.853839 0.876585 0.040176
1.420000 0.856857 0.877879 0.039832
1.430000 0.859880 0.879156 0.039494
1.440000 0.862909 0.880417 0.039161
1.450000 0.865943 0.881662 0.038835
1.460000 0.868981 0.882891 0.038514
1.470000 0.872025 0.884105 0.038198
1.480000 0.875073 0.885304 0.037887
1.490000 0.878125 0.886489 0.037582
1.500000 0.881182 0.887659 0.037282
